expts/fearnley1.pg	9	0.059427	2	0.040567	4	0.131913	0.001327
expts/friedmann1.pg	9	0.044136	2	0.053839	4	0.130785	0.001358
expts/fearnley2.pg	21	0.292916	2	0.170831	8	1.08813	0.002016
expts/friedmann2.pg	39	0.760538	2	0.207339	10	1.69649	0.002317
expts/fearnley3.pg	37	1.17039	2	0.558329	12	4.78346	0.003683
expts/friedmann3.pg	92	5.40383	2	0.643548	14	6.89309	0.003941
expts/fearnley4.pg	53	3.38468	3	1.65779	14	12.8743	0.005978
expts/friedmann4.pg	199	24.7938	3	2.05851	16	17.6442	0.009367
expts/fearnley5.pg	69	8.21517	3	2.76032	18	28.9447	0.008292
expts/friedmann5.pg	416	88.1763	3	4.22669	20	46.5122	0.015481
expts/fearnley6.pg	85	13.5508	3	4.9063	22	66.2235	0.010438
expts/friedmann6.pg	851	283.674	3	6.99833	24	88.889	0.021684
expts/fearnley7.pg	101	20.0344	3	7.09708	26	110.751	0.013021
expts/fearnley8.pg	117	32.3224	3	10.8643	30	207.474	0.025669
expts/fearnley9.pg	133	54.0494	3	16.6949	34	376.074	0.035272
expts/fearnley10.pg	149	75.9235	3	24.2951	38	557.863	0.042255
expts/fearnley8.pg	117	33.0719	3	13.1031	30	216.305	0.024734
expts/fearnley9.pg	133	54.9576	3	18.4823	34	374.574	0.037528
expts/fearnley10.pg	149	81.0247	3	27.2657	38	585.425	0.0425
