SA1.pg	7	0.024744	2	0.020107	3	0.052255	0.000566
SA2.pg	12	0.106293	3	0.088255	6	0.311602	0.000722
SA3.pg	17	0.305258	4	0.284519	9	1.00127	0.001182
SA4.pg	22	0.622393	5	0.504641	12	2.50954	0.00176

SA1.pg	7	0.023412	2	0.020575	3	0.052913	0.000429
SA2.pg	12	0.106778	3	0.087121	5	0.276778	0.000707
SA3.pg	17	0.289842	4	0.229982	7	0.786121	0.001198
SA4.pg	22	0.62639	5	0.509861	9	1.75543	0.001761
SA5.pg	27	1.1717	6	0.975842	10	3.08918	0.002463
SA7.pg	37	3.23192	8	2.84639	12	8.0818	0.004305
SA9.pg	47	7.27249	10	6.70658	14	17.9241	0.006807
SA15.pg	77	39.064	16	43.9521	20	106.678	0.024782

SA7.pg	1145	89.9782	8	3.6619	16	10.0906	0.004311
