finalexamples/steadygame-1000-2-4-3-5-1.pg	9	11.4574	10	16.6406	6	33.9356	0.097443
finalexamples/steadygame-1000-2-4-3-5-2.pg	15	19.8509	14	19.3807	8	40.3211	0.090957
finalexamples/steadygame-1000-2-4-3-5-3.pg	13	18.6144	13	20.4554	8	41.9547	0.112421
finalexamples/steadygame-1000-2-4-3-5-4.pg	11	16.2841	11	17.2796	7	41.034	0.095035
finalexamples/steadygame-1000-2-4-3-5-5.pg	9	14.6232	11	15.9749	6	31.6016	0.113439
finalexamples/steadygame-1000-2-4-3-5-6.pg	12	22.0194	13	16.1717	7	36.2772	0.610977
finalexamples/steadygame-1000-2-4-3-5-7.pg	13	20.3399	10	14.5578	8	44.3756	0.093782
finalexamples/steadygame-1000-2-4-3-5-8.pg	10	13.3059	10	16.8107	10	49.8883	0.35966
finalexamples/steadygame-1000-2-4-3-5-9.pg	9	17.3663	12	18.0598	8	48.2806	0.137676
finalexamples/steadygame-1000-2-4-3-5-10.pg	12	21.109	14	20.5769	8	47.4458	0.091813
finalexamples/steadygame-1000-2-4-3-5-11.pg	10	15.3653	12	15.7877	9	48.5682	0.600284
finalexamples/steadygame-1000-2-4-3-5-12.pg	11	16.4212	11	14.0481	8	39.9379	0.084585
finalexamples/steadygame-1000-2-4-3-5-13.pg	12	17.4743	11	18.0776	9	51.6103	0.166935
finalexamples/steadygame-1000-2-4-3-5-14.pg	7	11.9258	13	17.5324	7	37.5246	0.086673
finalexamples/steadygame-1000-2-4-3-5-15.pg	12	17.113	13	17.3216	10	55.5551	0.225493
finalexamples/steadygame-1000-2-4-3-5-16.pg	11	16.7506	14	19.4839	8	45.4482	0.13251
finalexamples/steadygame-1000-2-4-3-5-17.pg	13	17.056	10	15.1868	8	43.3282	0.16796
finalexamples/steadygame-1000-2-4-3-5-18.pg	10	13.6332	11	13.6319	8	44.015	0.117669
finalexamples/steadygame-1000-2-4-3-5-19.pg	12	20.0299	12	21.7379	9	57.5733	0.136721
finalexamples/steadygame-1000-2-4-3-5-20.pg	10	13.5405	12	16.8724	6	28.423	0.093401
finalexamples/steadygame-1000-2-4-3-5-21.pg	10	13.0329	11	15.142	7	40.1077	0.09118
finalexamples/steadygame-1000-2-4-3-5-22.pg	11	18.3262	11	16.682	8	41.7811	0.189899
finalexamples/steadygame-1000-2-4-3-5-23.pg	13	16.9462	13	19.3407	6	31.3919	0.083395
finalexamples/steadygame-1000-2-4-3-5-24.pg	11	17.6144	12	18.7073	9	53.0281	0.108799
finalexamples/steadygame-1000-2-4-3-5-25.pg	10	12.4776	8	9.73361	6	26.7822	0.427986
finalexamples/steadygame-1000-2-4-3-5-26.pg	11	17.8336	12	15.5548	8	44.0567	0.118019
finalexamples/steadygame-1000-2-4-3-5-27.pg	13	24.6088	11	17.3432	9	59.5981	0.154933
finalexamples/steadygame-1000-2-4-3-5-28.pg	11	15.6185	12	17.9726	8	43.056	0.107688
finalexamples/steadygame-1000-2-4-3-5-29.pg	11	17.3727	10	15.7544	9	53.0999	0.454466
finalexamples/steadygame-1000-2-4-3-5-30.pg	12	16.7572	13	19.2279	7	35.6692	0.118568
finalexamples/steadygame-1000-2-4-3-5-31.pg	10	14.2713	9	14.6253	7	40.5198	0.107013
finalexamples/steadygame-1000-2-4-3-5-32.pg	14	17.3586	9	14.7122	7	35.6747	0.082144
finalexamples/steadygame-1000-2-4-3-5-33.pg	15	21.6308	9	11.8173	7	39.511	0.089289
finalexamples/steadygame-1000-2-4-3-5-34.pg	10	15.2638	9	12.5054	6	31.9805	0.116804
finalexamples/steadygame-1000-2-4-3-5-35.pg	9	16.0707	12	18.3731	7	38.6681	0.110194
finalexamples/steadygame-1000-2-4-3-5-36.pg	9	12.9577	13	18.5622	10	55.4608	0.24423
finalexamples/steadygame-1000-2-4-3-5-37.pg	8	9.67867	9	13.9561	9	40.058	0.119677
finalexamples/steadygame-1000-2-4-3-5-38.pg	11	15.1813	8	13.1331	7	43.8039	0.083345
finalexamples/steadygame-1000-2-4-3-5-39.pg	13	17.7616	10	14.9564	7	39.4103	0.156121
finalexamples/steadygame-1000-2-4-3-5-40.pg	13	19.5793	10	13.9504	8	40.3366	0.218882
finalexamples/steadygame-1000-2-4-3-5-41.pg	8	11.2917	12	16.4898	9	42.7308	0.089481
finalexamples/steadygame-1000-2-4-3-5-42.pg	10	14.2471	12	17.7608	6	33.5021	0.125687
finalexamples/steadygame-1000-2-4-3-5-43.pg	11	16.3559	13	20.4019	8	43.4524	0.193241
finalexamples/steadygame-1000-2-4-3-5-44.pg	8	11.4995	10	12.7933	8	44.0465	0.111514
finalexamples/steadygame-1000-2-4-3-5-45.pg	14	19.6891	12	16.7144	6	30.7841	0.094271
finalexamples/steadygame-1000-2-4-3-5-46.pg	10	12.71	10	16.3366	5	25.8183	0.083543
finalexamples/steadygame-1000-2-4-3-5-47.pg	11	17.2644	10	14.9473	11	64.2795	0.271137
finalexamples/steadygame-1000-2-4-3-5-48.pg	10	12.8387	10	13.6134	7	35.8693	0.13846
finalexamples/steadygame-1000-2-4-3-5-49.pg	10	13.3712	9	12.8214	8	45.1889	0.14294
finalexamples/steadygame-1000-2-4-3-5-50.pg	9	12.975	12	16.549	8	41.9531	0.12128
finalexamples/steadygame-1000-2-4-3-5-51.pg	9	12.2363	17	22.9308	7	38.2	0.139665
finalexamples/steadygame-1000-2-4-3-5-52.pg	11	14.4133	9	16.9743	8	43.7099	0.522779
finalexamples/steadygame-1000-2-4-3-5-53.pg	10	13.1239	9	13.3584	7	38.1918	0.247992
finalexamples/steadygame-1000-2-4-3-5-54.pg	11	19.8811	13	20.4405	8	49.4209	0.182032
finalexamples/steadygame-1000-2-4-3-5-55.pg	14	18.2364	10	13.5816	6	29.6372	0.083905
finalexamples/steadygame-1000-2-4-3-5-56.pg	13	18.5111	10	20.0511	8	46.0297	0.244147
finalexamples/steadygame-1000-2-4-3-5-57.pg	15	15.2496	8	12.5291	6	29.0967	0.084566
finalexamples/steadygame-1000-2-4-3-5-58.pg	13	17.1894	12	16.4904	8	45.7084	0.090578
finalexamples/steadygame-1000-2-4-3-5-59.pg	14	18.564	12	18.0053	7	39.1666	0.089007
finalexamples/steadygame-1000-2-4-3-5-60.pg	11	15.0793	11	15.7365	10	50.4166	0.640364
